5000 81967.213115 38759.689922
10000 94339.622642 43103.448276
15000 100000.000000 43103.448276
20000 96153.846154 41322.314050
25000 84745.762712 42735.042735
30000 90909.090909 43859.649123
35000 89285.714286 43859.649123
40000 94339.622642 42016.806723
45000 89285.714286 40000.000000
50000 86206.896552 42372.881356
55000 102040.816327 45045.045045
60000 98039.215686 44642.857143
65000 92592.592593 40983.606557
70000 100000.000000 41666.666667
75000 89285.714286 39682.539683
80000 90909.090909 42016.806723
